0
1
1
1
3
4
4
4
6
6
7
10
11
12
12
13
13
13
14
15
15
17
18
19
20
21
22
23
25
25
26
27
32
33
33
35
36
39
45
47
48
49
50
51
56
57
57
58
59
59
60
61
61
64
66
66
68
68
71
71
72
73
73
74
74
75
76
79
79
79
79
80
81
81
83
85
85
85
86
86
89
90
91
91
92
94
98
99
99
99
100
101
103
103
107
108
110
111
111
112
113
114
114
114
114
115
116
118
119
119
120
121
121
122
122
124
124
125
127
128
129
129
130
130
134
134
135
135
135
135
138
138
139
139
139
141
143
144
144
144
145
145
146
147
148
149
152
153
155
155
157
158
159
159
161
161
162
163
164
164
164
165
165
166
169
170
170
170
171
171
173
173
177
178
178
178
179
179
180
181
182
182
183
184
184
185
186
188
188
190
191
191
192
193
193
194
195
195
197
197
197
197
197
199
199
200
201
203
203
206
208
208
209
209
209
209
210
211
211
212
213
214
214
216
216
216
217
219
220
220
221
221
224
224
224
225
226
229
231
231
231
234
238
239
241
242
244
246
246
248
248
248
249
250
251
251
252
256
256
256
256
257
259
260
260
263
263
266
267
268
268
269
271
272
274
276
277
279
280
280
280
282
283
283
284
284
285
285
287
289
290
291
292
293
297
299
299
301
301
302
303
304
305
305
305
305
306
306
307
308
310
312
312
313
315
315
316
317
317
318
319
322
322
322
323
327
328
328
328
328
329
330
331
335
336
336
338
341
342
342
342
343
345
345
346
347
347
349
349
350
351
351
354
355
356
356
362
362
363
363
364
364
365
365
367
368
369
370
371
372
372
375
375
375
378
379
379
379
382
385
385
385
388
391
395
395
396
396
396
399
400
401
402
404
404
405
406
408
408
409
410
411
413
414
414
415
416
416
418
419
419
419
419
419
421
423
424
424
424
426
426
426
427
430
430
431
433
434
437
438
438
439
440
440
441
442
444
445
445
448
448
448
448
448
450
450
452
453
455
455
455
456
459
459
460
461
464
466
468
469
470
470
471
473
474
474
475
476
477
477
477
478
478
479
480
481
482
482
483
483
485
488
488
488
489
489
493
495
497
497
497
498
498
501
503
504
506
507
507
507
509
509
510
510
511
512
512
512
512
517
519
521
521
522
524
525
526
526
528
531
532
532
532
533
533
534
536
536
536
536
537
537
539
539
539
540
543
543
543
544
544
544
545
545
546
547
548
550
550
554
554
555
561
561
562
564
564
566
567
567
568
569
571
571
572
572
573
574
574
576
576
577
580
580
581
581
582
582
583
585
588
589
589
589
590
591
592
593
595
597
599
600
600
601
601
603
604
604
604
608
608
608
612
613
613
616
617
617
617
619
620
621
621
623
624
626
626
627
627
627
629
629
630
630
632
633
635
636
637
638
638
639
639
642
642
645
647
648
648
649
649
650
650
651
651
651
651
652
653
654
656
657
657
658
660
660
660
661
661
664
665
666
667
667
669
671
671
671
671
672
673
673
675
675
675
677
677
677
678
678
679
680
680
680
682
683
685
686
687
689
690
690
690
690
691
691
692
695
699
703
704
704
705
708
711
711
711
711
712
715
716
719
721
722
724
725
726
726
726
727
728
729
730
732
733
734
735
738
738
739
739
739
739
741
741
741
741
742
743
744
744
747
748
748
748
749
749
750
753
755
755
756
756
758
760
762
765
765
767
767
772
773
774
776
776
777
777
778
780
780
781
781
781
782
783
784
787
787
788
788
790
790
791
792
793
793
794
797
798
799
800
800
800
801
804
806
806
807
809
810
812
813
815
816
817
819
819
820
821
822
822
824
825
826
827
827
828
829
830
830
831
831
832
832
832
834
837
837
838
838
839
839
840
841
841
841
845
846
847
847
847
847
847
847
847
848
848
848
848
849
851
851
852
852
854
854
855
856
856
856
858
862
862
863
864
866
866
866
869
869
870
870
871
871
871
872
874
874
875
875
876
878
878
880
882
885
885
886
886
887
888
888
888
889
890
890
890
893
894
896
899
902
902
903
904
904
906
907
908
908
908
912
913
916
916
917
918
918
921
926
926
927
927
927
928
929
930
932
933
934
934
936
936
937
937
937
937
938
938
938
939
939
940
943
943
944
945
946
947
948
949
952
952
953
954
955
959
961
961
962
964
964
965
966
966
967
968
968
968
969
972
973
973
975
976
976
977
978
978
979
979
980
981
982
982
983
985
985
986
987
987
987
988
991
992
992
994
995
997
998
