980 
450 
372 
626 
657 
524 
943 
794 
99 
280 
329 
477 
839 
350 
110 
101 
124 
107 
143 
566 
27 
816 
158 
758 
589 
85 
155 
182 
806 
144 
851 
787 
947 
224 
765 
604 
748 
708 
750 
847 
341 
79 
677 
180 
782 
139 
633 
906 
246 
776 
824 
274 
944 
982 
32 
533 
419 
539 
715 
225 
36 
567 
364 
983 
791 
130 
939 
539 
838 
690 
738 
179 
121 
415 
712 
903 
554 
345 
161 
801 
474 
985 
427 
418 
967 
459 
304 
738 
351 
19 
316 
739 
938 
680 
722 
81 
810 
661 
972 
1 
351 
711 
532 
825 
478 
244 
728 
385 
590 
890 
186 
64 
875 
613 
834 
195 
424 
138 
285 
127 
510 
601 
866 
448 
282 
940 
882 
444 
954 
854 
445 
305 
917 
978 
482 
396 
574 
211 
781 
164 
453 
319 
580 
680 
284 
767 
875 
60 
257 
161 
540 
767 
114 
406 
568 
396 
699 
450 
841 
653 
656 
638 
310 
574 
968 
793 
322 
543 
4 
103 
59 
809 
774 
992 
489 
410 
111 
365 
470 
368 
878 
362 
488 
992 
121 
56 
741 
820 
858 
934 
473 
866 
572 
783 
440 
893 
576 
114 
788 
932 
217 
847 
741 
343 
191 
231 
753 
302 
948 
576 
671 
178 
938 
159 
522 
59 
567 
263 
231 
777 
197 
704 
995 
122 
488 
788 
15 
416 
902 
155 
349 
120 
354 
442 
815 
546 
25 
921 
200 
973 
497 
871 
503 
787 
382 
26 
199 
301 
289 
430 
430 
839 
135 
426 
961 
975 
214 
328 
391 
116 
483 
92 
588 
837 
887 
756 
735 
912 
677 
936 
238 
526 
159 
741 
665 
894 
119 
864 
547 
409 
647 
978 
600 
134 
756 
561 
461 
322 
241 
852 
790 
724 
297 
379 
913 
184 
135 
649 
448 
164 
937 
686 
690 
448 
780 
355 
342 
899 
572 
890 
660 
219 
220 
260 
705 
328 
173 
166 
650 
414 
370 
440 
138 
667 
171 
404 
203 
658 
405 
652 
822 
342 
690 
512 
790 
822 
220 
485 
74 
792 
727 
86 
363 
299 
347 
68 
627 
872 
234 
629 
287 
604 
421 
777 
624 
593 
181 
827 
603 
938 
831 
426 
280 
874 
290 
423 
48 
510 
260 
122 
654 
987 
209 
17 
638 
908 
85 
617 
780 
671 
246 
419 
276 
667 
197 
252 
612 
730 
79 
216 
669 
263 
994 
301 
489 
636 
76 
537 
147 
336 
12 
153 
675 
221 
171 
313 
481 
608 
930 
613 
632 
528 
33 
908 
548 
582 
512 
512 
312 
943 
80 
981 
206 
74 
635 
695 
711 
711 
585 
210 
400 
597 
363 
75 
170 
886 
741 
3 
847 
23 
616 
479 
904 
1 
739 
452 
583 
251 
964 
248 
194 
45 
581 
401 
471 
216 
448 
182 
928 
385 
744 
680 
982 
460 
755 
504 
346 
848 
507 
193 
224 
476 
672 
128 
477 
411 
580 
413 
14 
896 
661 
209 
293 
242 
962 
765 
459 
762 
299 
739 
148 
396 
419 
482 
856 
526 
987 
554 
375 
846 
748 
599 
322 
772 
79 
800 
536 
11 
213 
550 
907 
226 
111 
201 
468 
73 
318 
927 
188 
617 
18 
336 
13 
437 
170 
221 
964 
157 
776 
691 
356 
876 
642 
678 
648 
721 
830 
536 
732 
395 
439 
991 
621 
550 
544 
90 
976 
862 
369 
164 
832 
388 
852 
197 
177 
22 
419 
493 
532 
195 
184 
888 
71 
178 
918 
71 
251 
749 
608 
335 
144 
399 
327 
118 
949 
871 
208 
277 
86 
929 
793 
918 
317 
645 
115 
495 
20 
534 
988 
904 
729 
525 
144 
152 
703 
414 
224 
307 
163 
832 
642 
660 
231 
969 
778 
532 
193 
338 
162 
279 
267 
955 
197 
937 
953 
664 
784 
973 
199 
124 
229 
280 
1 
725 
433 
57 
139 
657 
364 
303 
841 
6 
315 
424 
976 
445 
308 
521 
135 
470 
800 
402 
426 
349 
691 
379 
13 
827 
704 
564 
952 
933 
197 
305 
10 
630 
362 
149 
639 
726 
804 
832 
733 
119 
256 
61 
916 
564 
582 
51 
35 
734 
806 
813 
83 
497 
192 
448 
677 
248 
365 
629 
533 
562 
934 
543 
544 
649 
692 
183 
375 
497 
367 
108 
968 
623 
521 
885 
539 
103 
936 
926 
837 
94 
739 
272 
592 
283 
73 
269 
531 
438 
250 
416 
0 
536 
959 
544 
185 
4 
79 
561 
501 
798 
21 
821 
773 
543 
58 
312 
998 
347 
591 
188 
441 
330 
812 
385 
966 
885 
6 
849 
323 
256 
266 
675 
145 
577 
571 
682 
581 
650 
595 
434 
800 
617 
256 
573 
512 
666 
886 
862 
13 
829 
50 
455 
511 
863 
840 
477 
100 
847 
679 
424 
455 
945 
99 
600 
874 
671 
283 
456 
673 
878 
890 
474 
847 
498 
47 
711 
165 
285 
926 
178 
114 
328 
985 
626 
191 
826 
455 
292 
25 
134 
68 
480 
431 
519 
81 
306 
190 
716 
114 
216 
946 
356 
690 
146 
855 
89 
209 
372 
375 
135 
902 
841 
464 
888 
819 
7 
66 
627 
651 
91 
113 
719 
571 
545 
239 
4 
203 
781 
72 
317 
997 
371 
673 
39 
517 
880 
129 
726 
604 
856 
214 
507 
49 
678 
747 
869 
685 
165 
848 
689 
256 
961 
408 
179 
506 
999 
536 
61 
781 
608 
378 
130 
979 
404 
170 
848 
284 
651 
927 
889 
507 
141 
748 
908 
819 
847 
129 
856 
12 
977 
545 
620 
939 
306 
799 
797 
305 
687 
211 
438 
648 
589 
569 
979 
345 
91 
828 
630 
742 
755 
871 
601 
248 
619 
509 
419 
466 
639 
627 
478 
968 
173 
98 
259 
831 
249 
57 
488 
937 
268 
927 
937 
209 
848 
916 
555 
291 
744 
537 
33 
851 
408 
986 
99 
379 
847 
870 
845 
838 
498 
675 
807 
671 
125 
66 
854 
726 
475 
342 
15 
743 
621 
952 
305 
469 
869 
212 
760 
965 
749 
145 
817 
509 
483 
268 
888 
331 
139 
85 
169 
637 
112 
328 
660 
589 
395 
866 
315 
870 
208 
683 
966 
830 
987 
271 
651 
